(2404990.677763 11.116670 59.283330)
   0.00 
  sum = 0.000000
(2404990.777291 11.116670 59.283330)
   0.00 
  sum = 0.000000
(2404991.211790 11.116670 59.283330)
   0.00 
  sum = 0.000000
(2404990.932205 11.116670 59.283330)
   0.00 
  sum = 0.000000
(2404990.997878 11.116670 59.283330)
   0.00 
  sum = 0.000000
(2404991.249036 11.116670 59.283330)
   0.00 
  sum = 0.000000
(2404991.251348 11.116670 59.283330)
   0.00 
  sum = 0.000000
(2404991.571371 11.116670 59.283330)
   0.00 
  sum = 0.000000
(2404991.339200 11.116670 59.283330)
   0.00 
  sum = 0.000000
(2404990.901063 11.116670 59.283330)
   0.00 
  sum = 0.000000
(2404990.790763 11.116670 59.283330)
   0.00 
  sum = 0.000000
